2066
1023
3025
1044
4579
5405
2941
7260
7057
1534
2479
6896
2927
6322
5230
841
1107
3872
890
1156
2892
2129
7351
4943
5433
3886
5629
7113
6546
5055
5545
4264
1723
1835
3053
7456
2885
3655
5566
2073
7652
7603
3473
4369
6476
6868
6630
6980
2612
1506
2829
5692
1681
4628
3228
2759
883
1387
2122
5622
4418
5706
1086
4838
7274
6847
1758
3417
3977
7526
3788
4551
3739
6763
5601
1863
4054
6973
5573
3907
1898
7435
1793
1415
4992
3270
1072
3970
3508
4082
5223
5216
1401
4033
1499
6826
1177
4236
4131
6686
1079
4747
7477
3823
3095
5370
6903
1331
7344
2374
1471
771
3200
3179
5482
1030
5825
4243
4425
5440
1037
5804
1954
2199
7232
5720
7533
1688
5930
2836
5426
827
6196
2052
3606
1219
4537
2605
7407
6049
6819
2591
2528
2500
2227
3704
2990
708
1849
3529
5594
736
4999
5902
3396
7106
2045
4558
3893
2283
1933
7582
5195
5965
3312
7253
4180
932
6861
5979
5972
4712
1639
3438
4894
4145
1737
3830
2297
5559
4929
7281
6714
2094
6427
3921
6945
6623
5881
1226
6063
2150
1429
6588
1275
4887
7064
3452
1100
3683
3277
7666
2325
1772
750
4026
7575
7190
4250
4740
6308
2059
3732
2451
5146
764
6644
2087
7211
2248
6105
3865
4320
1597
4117
2164
6294
1751
3102
7078
4005
1891
7470
6665
7673
1940
6399
2619
3620
3375
4761
6693
7225
4859
3942
4810
6910
1800
4019
7120
2010
2367
2752
3578
6210
5160
4768
4285
4600
4061
6518
1261
7267
2913
7505
6931
7540
5468
1905
5853
2311
4404
2178
5461
3844
6350
5608
6448
981
3536
974
6595
3725
5713
3984
6140
4684
6721
2822
4460
5076
2304
4950
5048
3403
6287
2353
7610
1625
3613
729
6952
2038
5244
6224
6637
7176
4866
7393
3445
4873
3018
1457
4103
1492
7554
4047
1128
2437
778
904
6021
939
6147
6602
5013
1968
2388
5510
5664
5034
3648
7134
6658
1338
4222
3816
2003
2801
1611
4523
5027
7428
792
6700
3193
6203
2647
7323
876
6392
3137
2976
7379
5755
7694
1205
7372
5202
1247
7169
4397
4348
7155
1394
3676
7498
1786
1674
5314
4901
4383
6497
7043
3291
3074
1254
2871
4075
7302
4502
7400
5832
2717
785
3221
6315
6406
6378
5118
4719
1730
7659
6553
5944
4649
4845
1870
1002
5097
3956
1464
3935
4698
5279
3298
2262
6035
1450
5671
4481
6455
7246
1135
834
743
7645
7295
2542
6329
7687
2948
1604
4313
960
3781
2668
7036
2255
5209
1884
2983
4908
5993
3550
4432
5104
4544
1513
4621
1548
722
3235
5888
4278
1541
4705
7288
3949
3431
5867
6805
2906
4516
4586
1653
5811
1093
995
806
1289
3347
3669
6812
1121
3151
2402
1926
3900
5846
3116
1058
1240
6756
2493
2234
2395
2017
5727
2143
4439
3627
5167
2843
4159
4334
2633
5895
5384
1366
3242
3081
2654
1716
5552
7022
5650
2920
3634
5090
4474
5643
6266
7512
1912
5678
1149
4187
6749
1807
2766
7099
5398
3284
5657
7631
6098
4565
757
4635
3515
4201
4194
7148
3207
6259
3144
6854
5251
2773
6581
3585
4824
1233
6784
1618
967
2192
1709
3858
7442
4663
1702
1765
3424
7449
2444
2934
1478
6560
1303
4327
5874
855
2731
6000
6273
3004
7463
6651
5986
2682
5363
7624
6336
5762
1695
3690
4754
1576
6525
5818
4677
1443
2136
6728
988
5958
2864
6469
4796
5188
1373
4376
1975
6168
3060
3459
7092
6742
4733
2507
3837
3494
3361
4971
4607
3158
3599
2899
813
4152
2626
4096
5356
1016
4530
6616
6371
4355
2458
2535
5909
2276
6735
7596
1352
3998
4922
4362
4208
4978
3851
1996
1296
2857
7365
7484
6042
6462
2640
5069
6917
3109
3466
1590
5587
2745
4642
5307
5517
7183
2115
5265
4138
3571
3879
946
4453
6091
6028
5790
2521
3914
1310
5839
5342
7309
7127
1646
5300
3774
6182
6672
6511
3039
6791
3046
5391
4656
6504
4341
2577
1324
2465
2486
5062
1198
4509
1184
6441
5685
4411
4110
5860
5937
1821
1009
6840
1989
2472
4271
3410
6434
1814
3340
1408
1268
3802
1527
7316
5748
3753
2213
3198
3256
7008
4775
6924
5769
3067
2220
2339
5783
2514
3662
4292
3088
4467
3011
6252
5615
3172
911
2024
6833
4306
7085
2563
5699
5734
848
6014
1422
2878
3263
5153
5454
1562
5132
1842
6567
5489
4173
2962
3760
1212
2080
7029
4124
4572
2955
3991
3382
4614
7421
7239
1828
1436
5020
4299
4985
1583
7330
4068
4691
2332
4915
6777
3641
2815
7071
2794
3557
2108
1744
953
1114
925
6301
3368
5524
1191
7204
5923
1779
4726
2101
5916
7617
3305
4593
6385
5349
3130
5377
5475
2269
4831
1485
3963
2031
5237
1667
4390
7680
6539
2570
1163
2738
2290
6532
5335
6770
3480
4957
3697
7141
2346
7386
6245
1660
1961
3767
2171
3326
6483
1345
5538
5447
6875
6882
6154
2696
3354
5636
4215
5580
3501
4936
3165
6966
3522
4229
2430
2598
3928
6889
3214
2360
2416
6357
6364
5776
2157
5419
6420
5006
6077
799
2689
7547
1856
2808
6126
1282
2997
4817
6133
2780
4964
2675
7491
4852
3333
3487
2703
5139
2661
918
6161
7519
6112
6994
1520
2724
1632
3249
4089
1317
6231
1982
2850
6119
5293
6987
1380
6343
6679
6175
6938
1947
5328
820
5797
5286
2710
6217
3592
1555
6280
7162
4803
5125
5496
3564
6056
2241
5412
7589
5041
6609
6574
2969
3809
4446
5181
2556
4166
1065
2787
5272
4012
4782
5951
4488
2549
4670
5531
2185
6959
7638
1919
2381
5083
6707
7001
7050
5258
6413
6084
3389
4880
4789
6490
7015
2584
862
3543
2423
1569
869
897
4040
2318
3032
6007
4257
3711
3746
6070
6798
7197
2409
6189
715
1170
5741
7568
1877
5321
3795
5503
6238
7358
5174
3319
5111
1051
2206
7414
7218
7561
3123
1359
4495
3186
3718
7337
1142