227
666
450
566
509
755
394
892
520
270
823
550
562
552
536
803
188
563
886
611
611
412
461
532
104
710
841
343
280
355
407
68
664
429
469
180
418
74
432
368
710
942
326
491
731
417
605
336
449
1008
333
423
519
642
574
408
694
741
830
580
563
543
449
589
698
744
726
588
583
543
417
902
712
384
1057
660
374
360
351
499
173
470
718
561
616
717
463
642
711
647
538
114
760
876
654
740
610
817
710
536
386
149
989
583
413
706
498
333
719
233
689
735
911
778
505
508
723
467
511
505
676
274
664
403
819
564
628
140
597
769
472
474
443
631
854
546
279
632
763
925
697
795
932
562
740
616
955
368
501
411
537
639
245
627
821
549
479
675
517
507
560
760
617
322
770
438
644
760
560
695
744
433
658
551
404
760
458
768
662
825
440
586
753
839
1013
896
591
689
1069
803
662
613
963
956
881
722
736
482
660
778
1032
649
982
438
896
277
636
860
880
238
752
898
787
716
604
758
703
757
525
935
856
908
702
603
1017
581
860
840
652
761
659
539
601
1074
517
741
687
1060
737
667
834
615
861
766
965
839
965
599
644
355
829
592
925
452
961
699
753
571
740
432
774
281
867
599
797
823
780
768
1211
847
809
478
707
741
559
524
678
625
917
1125
892
933
557
862
560
833
690
899
823
692
878
941
952
1102
958
687
819
512
1369
881
873
723
623
760
1097
676
648
702
713
458
1080
347
1043
986
628
845
907
340
1278
571
694
685
969
537
1138
834
898
668
926
665
817
1194
656
988
756
863
624
1045
926
759
1044
1149
924
943
1117
857
1063
649
1209
1032
732
1186
761
476
1327
701
1039
651
718
1103
660
1133
1017
905
879
1043
976
822
742
788
767
1016
1173
928
774
847
1311
872
630
937
1052
736
876
1000
1119
667
941
737
909
575
948
949
1028
747
1180
906
453
805
904
867
1101
532
1059
900
1089
1039
1322
1028
673
698
832
1057
528
851
612
1154
1074
1193
1147
1031
970
1344
856
777
947
895
938
1193
556
751
840
1207
1109
552
684
547
674
825
1124
692
1038
807
908
945
1083
1167
892
792
925
1113
636
701
1027
817
1058
628
955
890
1146
930
820
1164
962
1235
1015
1427
832
1195
943
860
1147
1176
1205
1090
568
956
1007
1430
1300
1387
931
1206
905
629
788
1121
898
1178
678
521
954
609
709
967
895
1321
572
1103
1232
888
1162
1396
743
765
888
814
976
711
961
900
1285
963
1450
927
680
748
897
1043
1291
1374
969
795
1235
1176
1062
667
1197
840
1259
1058
806
1173
728
1371
1063
915
868
835
707
546
872
1166
356
1222
877
1141
891
770
1358
1047
1029
1018
660
950
727
1031
1013
855
1010
641
847
769
1356
1209
962
883
994
824
848
1157
1075
1073
855
993
983
1031
1191
970
936
834
896
954
926
498
1040
393
819
704
978
634
917
1070
845
797
997
1278
994
1060
990
874
853
1081
940
959
980
472
751
1349
557
929
635
848
744
977
1177
784
795
826
830
815
980
498
494
731
972
515
1299
930
874
1249
647
419
803
258
982
1233
889
1111
703
823
842
840
601
780
1058
903
879
701
1096
894
1274
999
915
786
794
1232
1087
1104
615
913
837
1133
885
1171
1113
786
722
914
669
697
633
864
702
1009
884
1015
782
855
787
1055
655
719
709
805
789
832
856
965
527
908
679
951
1020
760
705
1394
921
905
797
489
645
512
981
564
818
1150
650
983
727
791
981
584
627
990
1023
618
801
991
1042
785
736
822
462
661
700
817
743
1017
670
650
955
497
777
740
964
1175
745
755
931
915
896
842
653
699
799
728
532
715
843
685
650
672
1092
714
606
416
716
503
530
680
996
450
822
525
1107
877
943
864
710
1077
436
977
863
846
575
774
591
462
774
918
753
407
367
528
508
901
839
685
407
919
874
203
522
627
663
706
741
702
797
990
808
592
609
712
795
931
700
1058
875
779
922
605
380
938
689
712
870
270
440
444
826
630
901
676
611
811
653
579
893
710
409
987
719
466
647
592
487
557
1010
680
361
708
452
454
381
566
867
666
656
752
646
844
497
557
624
527
693
716
546
589
449
598
675
362
601
367
552
701
622
622
477
482
710
390
684
410
586
905
950
638
409
548
916
598
394
481
605
704
667
378
709
700
907
605
427
1019
442
774
966
933
212
803
644
568
641
219
754
517
263
728
930
762
809
470
638
745
274
633
599
592
774
490
755
355
388
735
720
667
667
640
288
636
446
493
74
458
427
451
321
440
659
829
538
155
499
434
621
583
695
395
660
646
178
562
724
331
525
779
286
708
795
856
199
631
719
286
654
544
1067
586
788
784
192
723
296
552
537
640
703
606
898
588
197
627
398
439
481
741
426
861
287
814
423
316
402
650
390
327
682
385